45,25
46,24
46,26
47,24
47,26
48,25
50,15
50,16
50,34
50,35
51,15
51,17
51,33
51,35
52,16
52,34
55,15
55,16
55,34
55,35
56,9
56,10
56,14
56,16
56,34
56,36
56,40
56,41
57,9
57,11
57,14
57,15
57,35
57,36
57,39
57,41
58,10
58,40
65,5
65,6
65,44
65,45
66,4
66,7
66,8
66,9
66,10
66,11
66,12
66,38
66,39
66,40
66,41
66,42
66,43
66,46
67,5
67,6
67,44
67,45
74,10
74,40
75,9
75,11
75,14
75,15
75,35
75,36
75,39
75,41
76,9
76,10
76,14
76,16
76,34
76,36
76,40
76,41
77,15
77,16
77,34
77,35
80,16
80,34
81,15
81,17
81,33
81,35
82,15
82,16
82,34
82,35
84,25
85,24
85,26
86,24
86,26
87,25
